 XF =   0.002 - XG =   0.000
 YF =   0.000 - YG =   0.000
 ZF = -13.662 - ZG = -14.400
 Displacement =  0.2007501E+05
 Waterplane area =  0.4357623E+03
 Mass = 0.2057688E+08
